{
    "DarkAccent": {
        "W": 1.0,
        "X": 0.15000000596046448,
        "Y": 0.550000011920929,
        "Z": 0.3799999952316284
    },
    "DarkBgColor": {
        "W": 1.0,
        "X": 0.12200000137090683,
        "Y": 0.12200000137090683,
        "Z": 0.12200000137090683
    },
    "DarkInset": {
        "W": 1.0,
        "X": 0.21960784494876862,
        "Y": 0.21960784494876862,
        "Z": 0.21960784494876862
    },
    "FramePadding": {
        "X": 20.0,
        "Y": 6.0
    },
    "FrameRounding": 8,
    "GrabRounding": 8,
    "InputElementColor": {
        "W": 1.0,
        "X": 0.3490000069141388,
        "Y": 0.3490000069141388,
        "Z": 0.3490000069141388
    },
    "ItemSpacing": {
        "X": 20.0,
        "Y": 8.0
    },
    "LightAccent": {
        "W": 1.0,
        "X": 0.44999998807907104,
        "Y": 0.8500000238418579,
        "Z": 0.6899999976158142
    },
    "LightBgColor": {
        "W": 1.0,
        "X": 0.2590000033378601,
        "Y": 0.2590000033378601,
        "Z": 0.2590000033378601
    },
    "ScrollbarRounding": 12,
    "ScrollbarSize": 17,
    "TabRounding": 8
}